157.44000244140625
159.3000030517578
163.1699981689453
166.22999572753906
166.55999755859375
163.1999969482422
165.1199951171875
164.85000610351562
162.74000549316406
160.07000732421875
164.32000732421875
167.3000030517578
168.8800048828125
172.5500030517578
172.7899932861328
168.8800048828125
168.63999938964844
172.1199951171875
176.27999877929688
174.8300018310547
171.66000366210938
:1
172.67999267578125
175.6162567138672
174.3878173828125
174.55760192871094
170.11326599121094
159.0174102783203
159.48680114746094
159.57669067382812
161.41433715820312
162.20335388183594
164.3006591796875
166.0184783935547
169.5839385986328
172.84979248046875
171.9709014892578
175.306640625
174.8572235107422
171.9709014892578
171.950927734375
171.78114318847656
174.69741821289062
:2
181.7783966064453
177.34405517578125
177.97325134277344
179.15174865722656
179.06185913085938
180.1005401611328
176.05569458007812
175.41650390625
172.76988220214844
169.53399658203125
170.9222412109375
172.04080200195312
179.0718536376953
174.10818481445312
175.51638793945312
179.22166442871094
174.33787536621094
174.8572235107422
170.96217346191406
165.10964965820312
161.63406372070312
:3
164.5603485107422
165.0896759033203
160.03610229492188
156.6104736328125
161.73394775390625
161.20462036132812
160.8151092529297
160.34571838378906
157.6691131591797
153.29469299316406
150.807861328125
149.8091278076172
149.7991485595703
147.6818389892578
147.73178100585938
150.61810302734375
150.2485809326172
151.08750915527344
150.54818725585938
151.07675170898438
149.6107635498047
:4
149.391357421875
152.15380859375
148.44395446777344
148.9126739501953
148.23452758789062
148.28439331054688
149.07223510742188
148.8528289794922
148.35418701171875
146.1502227783203
144.44488525390625
143.36782836914062
140.52560424804688
141.12396240234375
142.42042541503906
142.51016235351562
142.89910888671875
141.61264038085938
140.72506713867188
138.76043701171875
142.26084899902344
:5
142.44036865234375
141.52288818359375
144.97344970703125
146.5192108154297
146.42945861816406
145.45213317871094
143.03872680664062
142.55006408691406
145.66156005859375
148.38409423828125
148.6234588623047
147.71592712402344
149.1420440673828
148.56361389160156
153.64971923828125
154.68687438964844
156.2625732421875
153.87908935546875
153.23085021972656
152.09396362304688
151.4158172607422
:6
148.19464111328125
147.1375274658203
147.9552764892578
149.2118377685547
149.30162048339844
147.78575134277344
146.29981994628906
145.9607391357422
149.78030395507812
150.70774841308594
148.69326782226562
148.4838409423828
145.4621124267578
145.20281982421875
145.69146728515625
145.7413330078125
146.43942260742188
146.32989501953125
146.73817443847656
144.9059295654297
145.2445068359375
:7
144.3682098388672
146.15066528320312
148.36129760742188
147.93309020996094
146.18052673339844
144.78643798828125
145.5332489013672
141.84889221191406
145.77224731445312
147.85342407226562
148.5205841064453
145.02542114257812
143.89022827148438
144.49765014648438
142.6355438232422
143.95994567871094
141.42071533203125
139.36940002441406
136.6907501220703
136.38204956054688
135.75469970703125
:8
132.5482940673828
132.8470458984375
133.13580322265625
133.41461181640625
131.74169921875
129.9095001220703
131.23385620117188
129.6007843017578
129.0929412841797
129.9293975830078
126.81259155273438
125.57783508300781
126.59352111816406
126.2051773071289
125.36872100830078
125.3587646484375
123.0186767578125
124.53226470947266
123.75554656982422
124.08415985107422
124.7513427734375
:9
126.36449432373047
126.56365203857422
124.90070343017578
126.77276611328125
124.16382598876953
124.32315063476562
125.7371597290039
126.91217803955078
124.44264221191406
122.25192260742188
125.3786849975586
126.31471252441406
129.66053771972656
128.97344970703125
127.34314727783203
127.09461212158203
131.75689697265625
130.68328857421875
132.69134521484375
132.79075622558594
133.59596252441406
:10
133.52639770507812
131.16046142578125
132.7112274169922
132.32354736328125
134.04330444335938
133.36734008789062
133.70530700683594
131.2499237060547
133.63572692871094
130.46456909179688
132.2141876220703
129.58978271484375
127.14431762695312
125.46429443359375
125.15613555908203
122.27326965332031
121.42828369140625
119.19158172607422
120.67278289794922
120.49384307861328
119.87750244140625
:11
121.81598663330078
122.66097259521484
119.28104400634766
119.81786346435547
124.02287292480469
124.82808685302734
123.25741577148438
120.31490325927734
121.23941040039062
119.2711181640625
120.37454986572266
115.67249298095703
120.70259857177734
119.42022705078125
121.33882141113281
124.38074493408203
127.03496551513672
120.54354858398438
120.27513885498047
124.60938262939453
125.11637878417969
:12
129.10267639160156
128.94363403320312
130.0669403076172
132.40306091308594
134.57017517089844
134.3316192626953
134.59005737304688
135.20639038085938
136.10107421875
135.95196533203125
136.37445068359375
132.94996643066406
133.99220275878906
133.1484832763672
130.98460388183594
136.07666015625
141.0099334716797
142.10182189941406
141.8635711669922
138.04205322265625
135.8583221435547
:13
126.8851318359375
126.20022583007812
127.95714569091797
129.92250061035156
127.84795379638672
128.02664184570312
131.07391357421875
129.9522705078125
125.66421508789062
130.0416259765625
128.45346069335938
131.70919799804688
132.73159790039062
133.87307739257812
135.6796417236328
130.99452209472656
129.99200439453125
130.90518188476562
127.28217315673828
125.7237777709961
127.74868774414062
:14
126.93475341796875
120.87983703613281
121.50518798828125
122.32904815673828
120.87983703613281
123.46062469482422
122.83528137207031
121.34636688232422
122.0312728881836
122.17024230957031
121.81290435791016
118.17002868652344
115.72820281982422
115.17233276367188
114.31869506835938
113.00845336914062
116.47265625
117.76305389404297
117.15756225585938
118.50750732421875
119.41078186035156
:15
118.32884216308594
118.60676574707031
115.11279296875
115.460205078125
117.81268310546875
117.94668579101562
113.90381622314453
109.43486785888672
107.7800521850586
107.8692398071289
114.27044677734375
110.18794250488281
115.5387954711914
114.0029067993164
113.99299621582031
114.69654083251953
115.80634307861328
116.44052124023438
114.92444610595703
117.93677520751953
119.61138916015625
:16
119.99784088134766
123.26780700683594
115.90544128417969
113.92362976074219
114.03263854980469
112.13011169433594
115.43971252441406
111.99137115478516
115.7270736694336
114.7559814453125
113.05165100097656
113.9137191772461
111.25811767578125
107.23506164550781
106.14508056640625
110.79238891601562
109.07814025878906
105.86762237548828
109.33576965332031
111.1094741821289
114.48844146728516
:17
110.98065948486328
112.45709991455078
116.25225830078125
111.79320526123047
119.85912322998047
119.77984619140625
130.2041015625
132.9587860107422
127.86558532714844
123.6716079711914
123.87226104736328
125.3709945678711
123.6889419555664
124.7120361328125
123.23807525634766
117.19855499267578
114.65441131591797
114.51074981689453
113.56443786621094
113.86170959472656
113.96327209472656
:18
108.37955474853516
111.7015380859375
110.10124969482422
112.66271209716797
108.86451721191406
108.47134399414062
107.75177001953125
105.10340118408203
95.14301300048828
94.00553131103516
92.23748779296875
93.77803039550781
91.60691833496094
91.83441925048828
96.21373748779297
95.94419860839844
97.28691864013672
95.27901458740234
95.47189331054688
96.66129302978516
96.0010757446289
:19
94.8759536743164
94.71027374267578
94.30472564697266
92.15836334228516
92.44520568847656
90.03669738769531
90.03669738769531
90.20732116699219
89.4605484008789
87.4452133178711
90.21721649169922
89.03522491455078
90.63512420654297
88.74095916748047
86.47836303710938
86.97539520263672
86.9407730102539
87.06193542480469
84.81417846679688
83.778076171875
83.06097412109375
:20
85.06144714355469
82.45760345458984
81.97293853759766
79.70291900634766
80.39530181884766
79.95514678955078
79.58670806884766
78.61982727050781
78.69650268554688
78.66185760498047
78.32064056396484
78.8547592163086
78.35030364990234
78.93882751464844
77.43292236328125
77.88294219970703
76.09017944335938
76.5427017211914
76.0753402709961
77.0051040649414
77.89531707763672
:21
74.90571594238281
74.13874816894531
73.38165283203125
72.29656982421875
71.28792572021484
72.45439147949219
70.95746612548828
68.70097351074219
69.83291625976562
69.78359985351562
67.82549285888672
68.0893783569336
66.18306732177734
68.29407501220703
69.74166870117188
70.70098876953125
70.14364624023438
70.78976440429688
67.38653564453125
66.08934783935547
65.6158676147461
:22
64.72807312011719
59.534427642822266
60.40250015258789
59.41112518310547
62.71078109741211
62.83901596069336
61.095481872558594
63.73421859741211
60.54800033569336
60.88339614868164
55.33216857910156
56.53316879272461
60.365509033203125
60.831607818603516
62.35812759399414
59.73171615600586
68.55054473876953
61.21631622314453
67.92414855957031
70.36805725097656
65.6405258178711
:23
72.23736572265625
74.65908813476562
71.34957885742188
73.68992614746094
67.41365814208984
67.453125
72.17078399658203
71.04376983642578
73.5345458984375
77.20166015625
78.98957824707031
79.80833435058594
78.66899871826172
80.13633728027344
80.11660766601562
80.69121551513672
78.81942749023438
79.29785919189453
78.92301177978516
80.01055908203125
79.08551025390625
:24
75.93881225585938
76.14794158935547
79.68087768554688
79.79652404785156
78.16043853759766
76.01016235351562
78.31297302246094
78.5393295288086
78.16291046142578
77.88489532470703
78.41631317138672
77.55767059326172
76.5981674194336
76.9278335571289
77.98082733154297
76.34968566894531
76.1774673461914
74.59303283691406
73.41211700439453
73.75901794433594
73.1759262084961
:25
72.24594116210938
71.72189331054688
71.29873657226562
71.32579803466797
69.93819427490234
69.87177276611328
68.74988555908203
68.89258575439453
68.82369995117188
68.98854064941406
68.85323333740234
67.69441986083984
66.7865982055664
66.61682891845703
66.05343627929688
65.66963958740234
66.6020736694336
65.33995056152344
64.39520263671875
63.831817626953125
64.99058532714844
:26
65.89598083496094
65.0225830078125
65.53430938720703
64.40503692626953
64.46163940429688
64.75193786621094
65.51464080810547
65.71392059326172
65.38424682617188
64.61664581298828
65.06686401367188
64.44933319091797
64.50838470458984
64.0015640258789
63.82688522338867
63.0986442565918
63.0716667175293
63.16241455078125
62.750335693359375
61.018577575683594
59.66947555541992
:27
61.08970642089844
60.48384475708008
59.74797058105469
59.64985275268555
58.86001968383789
58.99492645263672
57.98923110961914
57.712059020996094
57.48884582519531
57.721866607666016
57.856781005859375
57.94017791748047
56.438995361328125
55.68840408325195
55.04328536987305
55.695762634277344
55.683502197265625
54.16515350341797
53.70890808105469
55.08989334106445
54.93781661987305
:28
53.9370231628418
54.216651916503906
53.39493179321289
53.6500358581543
53.40719985961914
54.199493408203125
54.643470764160156
54.135719299316406
53.93947219848633
53.65739440917969
54.721954345703125
54.8446044921875
53.154544830322266
52.53396224975586
52.31074905395508
52.31565475463867
51.31241226196289
50.45635223388672
51.2020378112793
51.26826095581055
50.414649963378906
:29
50.65013122558594
49.70576095581055
52.11452102661133
52.15867233276367
51.59940719604492
51.59695053100586
50.652584075927734
49.48500061035156
49.73274230957031
51.25845718383789
49.17593002319336
49.301029205322266
49.710662841796875
48.637908935546875
48.13941955566406
47.24504852294922
49.85483932495117
50.93247604370117
52.058990478515625
51.01800537109375
51.23793029785156
:30
50.587928771972656
50.991127014160156
51.032657623291016
50.63680648803711
49.50539779663086
50.255592346191406
49.691123962402344
49.97213363647461
50.1456298828125
49.67890167236328
49.30013656616211
49.66178894042969
49.17551040649414
